
<!DOCTYPE html>
<html lang="en">
  <head>
    <meta charset="utf-8">
    <meta name="viewport" content="width=device-width, initial-scale=1">




<link
  href="https://maxcdn.bootstrapcdn.com/bootstrap/3.3.4/css/bootstrap.min.css"
  rel="stylesheet">

<style>
.julia {font-family: "Source Code Pro";
        color:#0033CC;
        }
body { padding-top: 60px; }
h5:before {content:"\2746\ ";}
h6:before {content:"\2742\ ";}
pre {display: block;}
</style>

<script src="https://code.jquery.com/jquery.js"></script>
<script src="https://maxcdn.bootstrapcdn.com/bootstrap/3.3.4/js/bootstrap.min.js"></script>

<!-- .julia:before {content: "julia> "} -->

<style></style>

<script src="https://cdn.plot.ly/plotly-latest.min.js"></script>


<!-- not TeX-AMS-MML_HTMLorMML-->
<script type="text/javascript"
  src="https://cdnjs.cloudflare.com/ajax/libs/mathjax/2.7.1/MathJax.js?config=TeX-AMS-MML_SVG">
</script>
<script>
MathJax.Hub.Config({
  tex2jax: {
    inlineMath: [ ["\$","\$"], ["\\(","\\)"]]
  },
  displayAlign: "left",
  displayIndent: "5%"
});
</script>


<script type="text/javascript">
$( document ).ready(function() {
  $("h1").each(function(index) {
       var title = $( this ).text()
       $("#page_title").html("<strong>" + title + "</strong>");
       document.title = title
  });
  $( "h2" ).each(function( index ) {
    var nm =  $( this ).text();
    var id = $.trim(nm).replace(/ /g,'');
    this.id = id
    $("#page_dropdown").append("<li><a href='#" + id + "'>" + nm + "</a></li>");
  });
  $('[data-toggle="popover"]').popover();
});
</script>

</head>


<body data-spy="scroll" >

<nav class="navbar navbar-default  navbar-fixed-top">
  <div class="container-fluid">
    <!-- Brand and toggle get grouped for better mobile display -->
    <div class="navbar-header">
      <button type="button" class="navbar-toggle collapsed" data-toggle="collapse" data-target="#bs-example-navbar-collapse-1">
        <span class="sr-only">Toggle navigation</span>
        <span class="icon-bar"></span>
        <span class="icon-bar"></span>
        <span class="icon-bar"></span>
      </button>
         
    </div>

    <!-- Collect the nav links, forms, and other content for toggling -->
    <div class="collapse navbar-collapse" id="bs-example-navbar-collapse-1">
      <ul class="nav navbar-nav">
        <li><a href="#" id="page_title"></a></li>
      </ul>
      <ul class="nav navbar-nav navbar-right">
         <li class="dropdown">
           <a href="#" class="dropdown-toggle" data-toggle="dropdown" role="button" aria-expanded="false">
           Jump to... <span class="caret"></span></a>
          <ul class="dropdown-menu" role="menu" id="page_dropdown"></ul>
        </li>
      </ul>
    </div><!-- /.navbar-collapse -->
  </div><!-- /.container-fluid -->
</nav>

<header>
</header>

<div class="container-fluid">
  <div class="span10 offset1">
<h1>Scalar functions</h1><p>Consider a function $f: R^n \rightarrow R$. It has multiple arguments for its input (an $x_1, x_2, \dots, x_n$) and only one scalar values for an output. Some simple examples might be:</p>$$~
\begin{align}
f(x,y) &= x^2 + y^2\\
g(x,y) &= x \cdot y\\
h(x,y) &= \sin(x) \cdot \sin(y)
\end{align}
~$$
<p>For two examples for real life consider a weather map, say of the United States, that shows the maximum predicted temperature for a given day. This visualizes a function that take a position ($x$, $y$) and returns a predicted temperature ($z$).</p><p>Similarly, The elevation Point Query Service (of the <a href="https://nationalmap.gov/epqs/">USGS</a>) returns the elevation in international feet or meters for a specific latitude/longitude. The longitude can be associated to an $x$ coordinate, the latitude to a $y$ coordinate, and the elevation a $z$ coordinate, and as long as the region is small enough, the $x$-$y$ coordinates can be thought to lie on a plane. (A flat earth assumption.)</p><p>Mathematically, we may describe the values $(x,y)$ in terms of a point, $P=(x,y)$ or a vector $\vec{v} = \langle x, y \rangle$ using the identification of a point with a vector. As convenient, we may write any of $f(x,y)$, $f(P)$, or $f(\vec{v})$ to describe the evaluation of $f$ at the value $x$ and $y$</p><p>Before proceeding with how to define such function in <code>Julia</code>, we load some useful packages and re-define some useful functions:</p><pre class="sourceCode julia">using Plots, LinearAlgebra, ForwardDiff

xs_ys(vs) = Tuple(eltype(vs[1])[vs[i][j] for i in 1:length(vs)] for j in eachindex(first(vs)))
xs_ys(r::Function, a, b, n=100) = xs_ys(r.(range(a, stop=b, length=n)))

function arrow!(plt::Plots.Plot, p, v; kwargs...)
  length(p) == 2 && return quiver!(plt, xs_ys([p])..., quiver=Tuple(xs_ys([v])); kwargs...)
  length(p) == 3 && return plot!(plt, xs_ys([p, p+v])...; kwargs...)
end
arrow!(p, v; kwargs...) = arrow!(Plots.current(), p, v; kwargs...)

D(f, n=1) = n > 1 ? D(D(f), n-1) : x -> ForwardDiff.derivative(f, float(x))
Base.adjoint(f::Function) = D(f)   # add f' notation for functions</pre>
<hr /><p>Returning to the task at hand, in <code>Julia</code>, defining a scalar function is straightforward, the syntax following mathematical notation:</p><pre class="sourceCode julia">f(x,y) = x^2 + y^2
g(x, y) = x * y
h(x,y) = sin(x) * sin(y)</pre>
<pre class="output">
h (generic function with 1 method)</pre>

<p>To call a function for values $x$ and $y$ is also similar:</p><pre class="sourceCode julia">f(1,2), g(2, 3), h(3,4)</pre>
<pre class="output">
(5, 6, -0.10679997423758245)</pre>

<p>It may be advantageous to have the values as a vector or a point, as in <code>v&#61;&#91;x,y&#93;</code> . Splatting can be used to turn this into two arguments:</p><pre class="sourceCode julia">v = [1,2]
f(v...)</pre>
<pre class="output">
5</pre>

<p>Alternatively, the function may be defined using a vector argument:</p><pre class="sourceCode julia">f(v) = v[1]^2 + v[2]^2</pre>
<pre class="output">
f (generic function with 2 methods)</pre>

<p>Or more verbosely, but avoiding index notation:</p><pre class="sourceCode julia">function g(v)
    x, y = v
    x * y
end</pre>
<pre class="output">
g (generic function with 2 methods)</pre>

<p>Then we have</p><pre class="sourceCode julia">f(v), g([2,3])</pre>
<pre class="output">
(5, 6)</pre>

<hr /><p>More elegantly, and the approach we will use, is to mirror the mathematical notation through multiple dispatch. If we define <code>f</code> for multiple variables, say with:</p><pre class="sourceCode julia">f(x,y) = x^2 - 2x*y^2</pre>
<pre class="output">
f (generic function with 2 methods)</pre>

<p>The we can define an alternative method with just a single variable</p><pre class="sourceCode julia">f(x) = f(x...)</pre>
<pre class="output">
f (generic function with 2 methods)</pre>

<p>The we can call <code>f</code> with a vector or point, or by passing in the invidual components:</p><pre class="sourceCode julia">f([1,2]), f(1,2)</pre>
<pre class="output">
(-7, -7)</pre>

<hr /><p>Following a calculus perspective, we might be curious about how to visualize scalar functions? Further, how to describe the change in the function between nearby values?</p><h2>Visualizing scalar functions</h2><p>Suppose for the moment that $f:R^2 \rightarrow R$. The equation $z = f(x,y)$ may be visualized by the set of points in 3-dimensions $\{(x,y,z): z = f(x,y)\}$. This will render as a surface, and that surface will pass a "vertical line test", in that each $(x,y)$ value corresponds to at most $1$ $z$ value.</p><p>In <code>Julia</code>, plotting such a surface requires a generalization to plotting a univariate function where, typically, a grid of evenly spaced values is given between some $a$ and $b$, the corresponding $y$ or $f(x)$ values are found, and then the points are connected in a dot-to-dot manner.</p><p>Here, a two-dimensional grid of $x$-$y$ values needs specifying, and the corresponding $z$ values found. As the grid will be assumed to be regular only the $x$ and $y$ values need specifying, the set of pairs can be computed. The $z$ values, it will be seen, are easily computed. This cloud of points is plotted and each cell in the $x$-$y$ plane is plotted with a surface the $x$-$y$-$z$, 3-dimensional, view. One way to plot such a surface is to tessalate the cell and then for each triangle, represent a plane made up of the 3 boundary points.</p><p>Here is an example:</p><pre class="sourceCode julia">using Plots
f(x, y) = x^2 + y^2

xs = range(-2, 2, length=100)
ys = range(-2, 2, length=100)

surface(xs, ys, f)</pre>
    <div id="3ed1da93-ee86-4b86-bf90-97db271a6da2" style="width:600px;height:400px;"></div>
    <script>
    PLOT = document.getElementById('3ed1da93-ee86-4b86-bf90-97db271a6da2');
    Plotly.plot(PLOT, [{"xaxis":"x1","colorbar":{"title":""},"colorscale":[[0.0,"rgba(0, 0, 4, 1.000)"],[0.034482758620689655,"rgba(4, 3, 20, 1.000)"],[0.06896551724137931,"rgba(13, 8, 41, 1.000)"],[0.10344827586206896,"rgba(24, 12, 60, 1.000)"],[0.13793103448275862,"rgba(38, 12, 81, 1.000)"],[0.1724137931034483,"rgba(54, 9, 97, 1.000)"],[0.20689655172413793,"rgba(69, 10, 105, 1.000)"],[0.2413793103448276,"rgba(84, 15, 109, 1.000)"],[0.27586206896551724,"rgba(97, 19, 110, 1.000)"],[0.3103448275862069,"rgba(111, 25, 110, 1.000)"],[0.3448275862068966,"rgba(125, 30, 109, 1.000)"],[0.3793103448275862,"rgba(140, 35, 105, 1.000)"],[0.41379310344827586,"rgba(154, 40, 101, 1.000)"],[0.4482758620689655,"rgba(166, 45, 96, 1.000)"],[0.4827586206896552,"rgba(180, 51, 89, 1.000)"],[0.5172413793103449,"rgba(193, 58, 80, 1.000)"],[0.5517241379310345,"rgba(206, 67, 71, 1.000)"],[0.5862068965517241,"rgba(216, 76, 62, 1.000)"],[0.6206896551724138,"rgba(226, 87, 52, 1.000)"],[0.6551724137931034,"rgba(235, 100, 41, 1.000)"],[0.6896551724137931,"rgba(241, 115, 29, 1.000)"],[0.7241379310344828,"rgba(247, 130, 18, 1.000)"],[0.7586206896551724,"rgba(250, 144, 8, 1.000)"],[0.7931034482758621,"rgba(252, 161, 8, 1.000)"],[0.8275862068965517,"rgba(252, 178, 22, 1.000)"],[0.8620689655172413,"rgba(250, 196, 42, 1.000)"],[0.896551724137931,"rgba(246, 213, 67, 1.000)"],[0.9310344827586207,"rgba(243, 229, 93, 1.000)"],[0.9655172413793104,"rgba(242, 244, 130, 1.000)"],[1.0,"rgba(252, 255, 164, 1.000)"]],"yaxis":"y1","showscale":true,"x":[-2.0,-1.9595959595959596,-1.9191919191919191,-1.878787878787879,-1.8383838383838385,-1.797979797979798,-1.7575757575757576,-1.7171717171717171,-1.6767676767676767,-1.6363636363636365,-1.595959595959596,-1.5555555555555556,-1.5151515151515151,-1.4747474747474747,-1.4343434343434343,-1.393939393939394,-1.3535353535353536,-1.3131313131313131,-1.2727272727272727,-1.2323232323232323,-1.1919191919191918,-1.1515151515151516,-1.1111111111111112,-1.0707070707070707,-1.0303030303030303,-0.98989898989899,-0.9494949494949495,-0.9090909090909091,-0.8686868686868687,-0.8282828282828283,-0.7878787878787878,-0.7474747474747475,-0.7070707070707071,-0.6666666666666666,-0.6262626262626263,-0.5858585858585859,-0.5454545454545454,-0.5050505050505051,-0.46464646464646464,-0.42424242424242425,-0.3838383838383838,-0.3434343434343434,-0.30303030303030304,-0.26262626262626265,-0.2222222222222222,-0.18181818181818182,-0.1414141414141414,-0.10101010101010101,-0.06060606060606061,-0.020202020202020204,0.020202020202020204,0.06060606060606061,0.10101010101010101,0.1414141414141414,0.18181818181818182,0.2222222222222222,0.26262626262626265,0.30303030303030304,0.3434343434343434,0.3838383838383838,0.42424242424242425,0.46464646464646464,0.5050505050505051,0.5454545454545454,0.5858585858585859,0.6262626262626263,0.6666666666666666,0.7070707070707071,0.7474747474747475,0.7878787878787878,0.8282828282828283,0.8686868686868687,0.9090909090909091,0.9494949494949495,0.98989898989899,1.0303030303030303,1.0707070707070707,1.1111111111111112,1.1515151515151516,1.1919191919191918,1.2323232323232323,1.2727272727272727,1.3131313131313131,1.3535353535353536,1.393939393939394,1.4343434343434343,1.4747474747474747,1.5151515151515151,1.5555555555555556,1.595959595959596,1.6363636363636365,1.6767676767676767,1.7171717171717171,1.7575757575757576,1.797979797979798,1.8383838383838385,1.878787878787879,1.9191919191919191,1.9595959595959596,2.0],"showlegend":false,"name":"y1","opacity":null,"zmin":0.0008162432404856648,"z":[[8.0,7.840016324864809,7.683297622691562,7.529843893480257,7.379655137230895,7.232731353943475,7.089072543617998,6.948678706254464,6.811549841852871,6.677685950413224,6.547087031935517,6.419753086419753,6.295684113865931,6.174880114274053,6.057341087644118,5.943067033976125,5.832057953270075,5.724313845525967,5.619834710743802,5.518620548923579,5.420671360065299,5.325987144168963,5.234567901234568,5.146413631262116,5.061524334251607,4.979900010203041,4.901540659116416,4.8264462809917354,4.754616875828997,4.686052443628201,4.620752984389348,4.558718498112437,4.49994898479747,4.444444444444445,4.392204877053362,4.343230282624222,4.297520661157025,4.25507601265177,4.215896337108458,4.179981634527089,4.147331904907663,4.117947148250178,4.0918273645546375,4.068972553821038,4.049382716049383,4.033057851239669,4.019997959391898,4.010203040506071,4.003673094582186,4.000408121620243,4.000408121620243,4.003673094582186,4.010203040506071,4.019997959391898,4.033057851239669,4.049382716049383,4.068972553821038,4.0918273645546375,4.117947148250178,4.147331904907663,4.179981634527089,4.215896337108458,4.25507601265177,4.297520661157025,4.343230282624222,4.392204877053362,4.444444444444445,4.49994898479747,4.558718498112437,4.620752984389348,4.686052443628201,4.754616875828997,4.8264462809917354,4.901540659116416,4.979900010203041,5.061524334251607,5.146413631262116,5.234567901234568,5.325987144168963,5.420671360065299,5.518620548923579,5.619834710743802,5.724313845525967,5.832057953270075,5.943067033976125,6.057341087644118,6.174880114274053,6.295684113865931,6.419753086419753,6.547087031935517,6.677685950413224,6.811549841852871,6.948678706254464,7.089072543617998,7.232731353943475,7.379655137230895,7.529843893480257,7.683297622691562,7.840016324864809,8.0],[7.840016324864809,7.680032649729619,7.523313947556371,7.369860218345067,7.219671462095705,7.072747678808285,6.929088868482808,6.788695031119273,6.651566166717681,6.517702275278033,6.387103356800326,6.259769411284562,6.1357004387307414,6.014896439138863,5.897357412508928,5.783083358840935,5.672074278134884,5.564330170390776,5.459851035608612,5.358636873788389,5.260687684930109,5.166003469033772,5.074584226099377,4.986429956126925,4.901540659116416,4.81991633506785,4.741556983981226,4.666462605856545,4.594633200693806,4.526068768493011,4.460769309254157,4.398734822977247,4.339965309662279,4.284460769309254,4.232221201918172,4.183246607489032,4.137536986021835,4.09509233751658,4.0559126619732675,4.019997959391898,3.987348229772472,3.957963473114988,3.931843689419447,3.9089888786858484,3.889399040914192,3.873074176104479,3.8600142842567085,3.8502193653708803,3.8436894194469953,3.8404244464850525,3.8404244464850525,3.8436894194469953,3.8502193653708803,3.8600142842567085,3.873074176104479,3.889399040914192,3.9089888786858484,3.931843689419447,3.957963473114988,3.987348229772472,4.019997959391898,4.0559126619732675,4.09509233751658,4.137536986021835,4.183246607489032,4.232221201918172,4.284460769309254,4.339965309662279,4.398734822977247,4.460769309254157,4.526068768493011,4.594633200693806,4.666462605856545,4.741556983981226,4.81991633506785,4.901540659116416,4.986429956126925,5.074584226099377,5.166003469033772,5.260687684930109,5.358636873788389,5.459851035608612,5.564330170390776,5.672074278134884,5.783083358840935,5.897357412508928,6.014896439138863,6.1357004387307414,6.259769411284562,6.387103356800326,6.517702275278033,6.651566166717681,6.788695031119273,6.929088868482808,7.072747678808285,7.219671462095705,7.369860218345067,7.523313947556371,7.680032649729619,7.840016324864809],[7.683297622691562,7.523313947556371,7.366595245383124,7.213141516171819,7.062952759922457,6.916028976635037,6.77237016630956,6.631976328946026,6.494847464544433,6.360983573104786,6.230384654627079,6.103050709111315,5.978981736557493,5.858177736965615,5.74063871033568,5.626364656667687,5.515355575961637,5.407611468217529,5.3031323334353635,5.201918171615141,5.103968982756861,5.0092847668605245,4.91786552392613,4.829711253953678,4.744821956943169,4.663197632894603,4.584838281807978,4.509743903683297,4.437914498520559,4.369350066319763,4.30405060708091,4.242016120803999,4.183246607489032,4.1277420671360066,4.075502499744924,4.026527905315784,3.9808182838485866,3.938373635343332,3.8991939598000203,3.863279257218651,3.8306295275992244,3.8012447709417403,3.7751249872461994,3.7522701765126008,3.732680338740945,3.7163554739312312,3.7032955820834608,3.6935006631976326,3.6869707172737476,3.683705744311805,3.683705744311805,3.6869707172737476,3.6935006631976326,3.7032955820834608,3.7163554739312312,3.732680338740945,3.7522701765126008,3.7751249872461994,3.8012447709417403,3.8306295275992244,3.863279257218651,3.8991939598000203,3.938373635343332,3.9808182838485866,4.026527905315784,4.075502499744924,4.1277420671360066,4.183246607489032,4.242016120803999,4.30405060708091,4.369350066319763,4.437914498520559,4.509743903683297,4.584838281807978,4.663197632894603,4.744821956943169,4.829711253953678,4.91786552392613,5.0092847668605245,5.103968982756861,5.201918171615141,5.3031323334353635,5.407611468217529,5.515355575961637,5.626364656667687,5.74063871033568,5.858177736965615,5.978981736557493,6.103050709111315,6.230384654627079,6.360983573104786,6.494847464544433,6.631976328946026,6.77237016630956,6.916028976635037,7.062952759922457,7.213141516171819,7.366595245383124,7.523313947556371,7.683297622691562],[7.529843893480257,7.369860218345067,7.213141516171819,7.059687786960515,6.909499030711153,6.762575247423733,6.618916437098255,6.47852259973472,6.3413937353331296,6.2075298438934805,6.076930925415774,5.949596979900011,5.82552800734619,5.7047240077543115,5.587184981124375,5.4729109274563825,5.361901846750332,5.254157739006224,5.149678604224059,5.048464442403836,4.950515253545556,4.85583103764922,4.7644117947148255,4.676257524742374,4.591368227731865,4.509743903683298,4.431384552596674,4.356290174471993,4.284460769309255,4.215896337108458,4.150596877869606,4.088562391592695,4.029792878277727,3.974288337924702,3.9220487705336193,3.8730741761044793,3.827364554637282,3.7849199061320276,3.7457402305887157,3.7098255280073467,3.67717579838792,3.647791041730436,3.621671258034895,3.5988164473012962,3.5792266095296403,3.5629017447199267,3.5498418528721563,3.540046933986328,3.533516988062443,3.5302520151005004,3.5302520151005004,3.533516988062443,3.540046933986328,3.5498418528721563,3.5629017447199267,3.5792266095296403,3.5988164473012962,3.621671258034895,3.647791041730436,3.67717579838792,3.7098255280073467,3.7457402305887157,3.7849199061320276,3.827364554637282,3.8730741761044793,3.9220487705336193,3.974288337924702,4.029792878277727,4.088562391592695,4.150596877869606,4.215896337108458,4.284460769309255,4.356290174471993,4.431384552596674,4.509743903683298,4.591368227731865,4.676257524742374,4.7644117947148255,4.85583103764922,4.950515253545556,5.048464442403836,5.149678604224059,5.254157739006224,5.361901846750332,5.4729109274563825,5.587184981124375,5.7047240077543115,5.82552800734619,5.949596979900011,6.076930925415774,6.2075298438934805,6.3413937353331296,6.47852259973472,6.618916437098255,6.762575247423733,6.909499030711153,7.059687786960515,7.213141516171819,7.369860218345067,7.529843893480257],[7.379655137230895,7.219671462095705,7.062952759922457,6.909499030711153,6.75931027446179,6.61238649117437,6.468727680848893,6.328333843485359,6.191204979083767,6.057341087644119,5.9267421691664115,5.799408223650648,5.675339251096827,5.554535251504949,5.436996224875013,5.322722171207021,5.21171309050097,5.103968982756862,4.999489847974697,4.8982756861544745,4.8003264972961945,4.705642281399857,4.614223038465463,4.526068768493011,4.441179471482502,4.359555147433936,4.281195796347312,4.20610141822263,4.134272013059892,4.065707580859097,4.000408121620243,3.938373635343333,3.879604122028365,3.8240995816753394,3.771860014284257,3.722885419855117,3.67717579838792,3.6347311498826653,3.5955514743393535,3.5596367717579844,3.5269870421385576,3.4976022854810735,3.4714825017855326,3.448627691051934,3.4290378532802777,3.4127129884705645,3.399653096622794,3.389858177736966,3.383328231813081,3.380063258851138,3.380063258851138,3.383328231813081,3.389858177736966,3.399653096622794,3.4127129884705645,3.4290378532802777,3.448627691051934,3.4714825017855326,3.4976022854810735,3.5269870421385576,3.5596367717579844,3.5955514743393535,3.6347311498826653,3.67717579838792,3.722885419855117,3.771860014284257,3.8240995816753394,3.879604122028365,3.938373635343333,4.000408121620243,4.065707580859097,4.134272013059892,4.20610141822263,4.281195796347312,4.359555147433936,4.441179471482502,4.526068768493011,4.614223038465463,4.705642281399857,4.8003264972961945,4.8982756861544745,4.999489847974697,5.103968982756862,5.21171309050097,5.322722171207021,5.436996224875013,5.554535251504949,5.675339251096827,5.799408223650648,5.9267421691664115,6.057341087644119,6.191204979083767,6.328333843485359,6.468727680848893,6.61238649117437,6.75931027446179,6.909499030711153,7.062952759922457,7.219671462095705,7.379655137230895],[7.232731353943475,7.072747678808285,6.916028976635037,6.762575247423733,6.61238649117437,6.46546270788695,6.321803897561473,6.181410060197939,6.044281195796347,5.910417304356699,5.7798183858789915,5.652484440363228,5.528415467809407,5.407611468217529,5.2900724415875935,5.175798387919601,5.06478930721355,4.957045199469442,4.852566064687277,4.7513519028670546,4.653402714008775,4.558718498112437,4.467299255178043,4.379144985205591,4.294255688195082,4.212631364146516,4.134272013059892,4.05917763493521,3.9873482297724725,3.9187837975716766,3.853484338332823,3.791449852055913,3.732680338740945,3.6771757983879194,3.624936230996837,3.575961636567697,3.5302520151005,3.4878073665952454,3.4486276910519336,3.4127129884705645,3.3800632588511377,3.3506785021936536,3.3245587184981127,3.301703907764514,3.2821140699928577,3.2657892051831445,3.252729313335374,3.242934394449546,3.236404448525661,3.233139475563718,3.233139475563718,3.236404448525661,3.242934394449546,3.252729313335374,3.2657892051831445,3.2821140699928577,3.301703907764514,3.3245587184981127,3.3506785021936536,3.3800632588511377,3.4127129884705645,3.4486276910519336,3.4878073665952454,3.5302520151005,3.575961636567697,3.624936230996837,3.6771757983879194,3.732680338740945,3.791449852055913,3.853484338332823,3.9187837975716766,3.9873482297724725,4.05917763493521,4.134272013059892,4.212631364146516,4.294255688195082,4.379144985205591,4.467299255178043,4.558718498112437,4.653402714008775,4.7513519028670546,4.852566064687277,4.957045199469442,5.06478930721355,5.175798387919601,5.2900724415875935,5.407611468217529,5.528415467809407,5.652484440363228,5.7798183858789915,5.910417304356699,6.044281195796347,6.181410060197939,6.321803897561473,6.46546270788695,6.61238649117437,6.762575247423733,6.916028976635037,7.072747678808285,7.232731353943475],[7.089072543617998,6.929088868482808,6.77237016630956,6.618916437098255,6.468727680848893,6.321803897561473,6.178145087235996,6.0377512498724615,5.90062238547087,5.7667584940312215,5.636159575553515,5.508825630037752,5.38475665748393,5.263952657892052,5.146413631262115,5.032139577594123,4.921130496888073,4.8133863891439645,4.708907254361799,4.607693092541577,4.509743903683297,4.415059687786961,4.3236404448525665,4.235486174880114,4.150596877869605,4.068972553821038,3.9906132027344148,3.9155188246097334,3.8436894194469953,3.7751249872461994,3.7098255280073458,3.647791041730436,3.5890215284154676,3.533516988062442,3.48127742067136,3.43230282624222,3.3865932047750227,3.344148556269768,3.3049688807264563,3.2690541781450873,3.2364044485256604,3.2070196918681764,3.1808999081726355,3.158045097439037,3.1384552596673805,3.1221303948576673,3.109070503009897,3.0992755841240687,3.0927456382001837,3.089480665238241,3.089480665238241,3.0927456382001837,3.0992755841240687,3.109070503009897,3.1221303948576673,3.1384552596673805,3.158045097439037,3.1808999081726355,3.2070196918681764,3.2364044485256604,3.2690541781450873,3.3049688807264563,3.344148556269768,3.3865932047750227,3.43230282624222,3.48127742067136,3.533516988062442,3.5890215284154676,3.647791041730436,3.7098255280073458,3.7751249872461994,3.8436894194469953,3.9155188246097334,3.9906132027344148,4.068972553821038,4.150596877869605,4.235486174880114,4.3236404448525665,4.415059687786961,4.509743903683297,4.607693092541577,4.708907254361799,4.8133863891439645,4.921130496888073,5.032139577594123,5.146413631262115,5.263952657892052,5.38475665748393,5.508825630037752,5.636159575553515,5.7667584940312215,5.90062238547087,6.0377512498724615,6.178145087235996,6.321803897561473,6.468727680848893,6.618916437098255,6.77237016630956,6.929088868482808,7.089072543617998],[6.948678706254464,6.788695031119273,6.631976328946026,6.47852259973472,6.328333843485359,6.181410060197939,6.0377512498724615,5.897357412508927,5.760228548107335,5.626364656667687,5.495765738189981,5.368431792674217,5.244362820120395,5.123558820528517,5.006019793898581,4.891745740230588,4.780736659524538,4.67299255178043,4.568513416998265,4.467299255178043,4.369350066319763,4.2746658504234265,4.183246607489032,4.095092337516579,4.01020304050607,3.928578716457504,3.8502193653708803,3.775124987246199,3.7032955820834608,3.634731149882665,3.5694316906438113,3.5073972043669013,3.448627691051933,3.3931231506989077,3.3408835833078254,3.2919089888786854,3.246199367411488,3.2037547189062336,3.164575043362922,3.1286603407815528,3.096010611162126,3.066625854504642,3.040506070809101,3.0176512600755023,2.998061422303846,2.981736557494133,2.9686766656463623,2.958881746760534,2.952351800836649,2.9490868278747064,2.9490868278747064,2.952351800836649,2.958881746760534,2.9686766656463623,2.981736557494133,2.998061422303846,3.0176512600755023,3.040506070809101,3.066625854504642,3.096010611162126,3.1286603407815528,3.164575043362922,3.2037547189062336,3.246199367411488,3.2919089888786854,3.3408835833078254,3.3931231506989077,3.448627691051933,3.5073972043669013,3.5694316906438113,3.634731149882665,3.7032955820834608,3.775124987246199,3.8502193653708803,3.928578716457504,4.01020304050607,4.095092337516579,4.183246607489032,4.2746658504234265,4.369350066319763,4.467299255178043,4.568513416998265,4.67299255178043,4.780736659524538,4.891745740230588,5.006019793898581,5.123558820528517,5.244362820120395,5.368431792674217,5.495765738189981,5.626364656667687,5.760228548107335,5.897357412508927,6.0377512498724615,6.181410060197939,6.328333843485359,6.47852259973472,6.631976328946026,6.788695031119273,6.948678706254464],[6.811549841852871,6.651566166717681,6.494847464544433,6.3413937353331296,6.191204979083767,6.044281195796347,5.90062238547087,5.760228548107335,5.623099683705743,5.489235792266095,5.358636873788388,5.231302928272624,5.107233955718804,4.986429956126925,4.86889092949699,4.754616875828997,4.643607795122946,4.535863687378838,4.431384552596674,4.330170390776451,4.232221201918171,4.137536986021834,4.046117743087439,3.9579634731149875,3.8730741761044785,3.791449852055912,3.7130905009692885,3.637996122844607,3.566166717681869,3.497602285481073,3.4323028262422195,3.3702683399653095,3.3114988266503413,3.255994286297316,3.2037547189062336,3.1547801244770937,3.1090705030098964,3.066625854504642,3.02744617896133,2.991531476379961,2.958881746760534,2.92949699010305,2.903377206407509,2.8805223956739106,2.860932557902254,2.844607693092541,2.8315478012447706,2.8217528823589424,2.8152229364350574,2.8119579634731147,2.8119579634731147,2.8152229364350574,2.8217528823589424,2.8315478012447706,2.844607693092541,2.860932557902254,2.8805223956739106,2.903377206407509,2.92949699010305,2.958881746760534,2.991531476379961,3.02744617896133,3.066625854504642,3.1090705030098964,3.1547801244770937,3.2037547189062336,3.255994286297316,3.3114988266503413,3.3702683399653095,3.4323028262422195,3.497602285481073,3.566166717681869,3.637996122844607,3.7130905009692885,3.791449852055912,3.8730741761044785,3.9579634731149875,4.046117743087439,4.137536986021834,4.232221201918171,4.330170390776451,4.431384552596674,4.535863687378838,4.643607795122946,4.754616875828997,4.86889092949699,4.986429956126925,5.107233955718804,5.231302928272624,5.358636873788388,5.489235792266095,5.623099683705743,5.760228548107335,5.90062238547087,6.044281195796347,6.191204979083767,6.3413937353331296,6.494847464544433,6.651566166717681,6.811549841852871],[6.677685950413224,6.517702275278033,6.360983573104786,6.2075298438934805,6.057341087644119,5.910417304356699,5.7667584940312215,5.626364656667687,5.489235792266095,5.355371900826447,5.224772982348741,5.097439036832977,4.973370064279155,4.852566064687277,4.735027038057341,4.620752984389348,4.509743903683298,4.40199979593919,4.297520661157025,4.196306499336803,4.098357310478523,4.003673094582187,3.9122538516477916,3.8240995816753394,3.7392102846648303,3.657585960616264,3.5792266095296403,3.504132231404959,3.432302826242221,3.363738394041425,3.2984389348025713,3.2364044485256613,3.177634935210693,3.1221303948576677,3.0698908274665855,3.0209162330374455,2.9752066115702482,2.9327619630649937,2.893582287521682,2.857667584940313,2.825017855320886,2.795633098663402,2.769513314967861,2.7466585042342624,2.727068666462606,2.710743801652893,2.6976839098051224,2.6878889909192942,2.6813590449954092,2.6780940720334665,2.6780940720334665,2.6813590449954092,2.6878889909192942,2.6976839098051224,2.710743801652893,2.727068666462606,2.7466585042342624,2.769513314967861,2.795633098663402,2.825017855320886,2.857667584940313,2.893582287521682,2.9327619630649937,2.9752066115702482,3.0209162330374455,3.0698908274665855,3.1221303948576677,3.177634935210693,3.2364044485256613,3.2984389348025713,3.363738394041425,3.432302826242221,3.504132231404959,3.5792266095296403,3.657585960616264,3.7392102846648303,3.8240995816753394,3.9122538516477916,4.003673094582187,4.098357310478523,4.196306499336803,4.297520661157025,4.40199979593919,4.509743903683298,4.620752984389348,4.735027038057341,4.852566064687277,4.973370064279155,5.097439036832977,5.224772982348741,5.355371900826447,5.489235792266095,5.626364656667687,5.7667584940312215,5.910417304356699,6.057341087644119,6.2075298438934805,6.360983573104786,6.517702275278033,6.677685950413224],[6.547087031935517,6.387103356800326,6.230384654627079,6.076930925415774,5.9267421691664115,5.7798183858789915,5.636159575553515,5.495765738189981,5.358636873788388,5.224772982348741,5.0941740638710336,4.96684011835527,4.842771145801448,4.72196714620957,4.604428119579635,4.490154065911642,4.379144985205592,4.271400877461484,4.166921742679318,4.065707580859096,3.9677583920008157,3.8730741761044793,3.781654933170085,3.693500663197633,3.608611366187124,3.5269870421385576,3.4486276910519336,3.3735333129272522,3.301703907764514,3.2331394755637177,3.167840016324865,3.105805530047954,3.0470360167329864,2.9915314763799614,2.9392919089888787,2.8903173145597387,2.8446076930925415,2.802163044587287,2.762983369043975,2.727068666462606,2.6944189368431792,2.665034180185695,2.6389143964901542,2.6160595857565556,2.5964697479848997,2.580144883175186,2.5670849913274156,2.5572900724415875,2.5507601265177025,2.5474951535557597,2.5474951535557597,2.5507601265177025,2.5572900724415875,2.5670849913274156,2.580144883175186,2.5964697479848997,2.6160595857565556,2.6389143964901542,2.665034180185695,2.6944189368431792,2.727068666462606,2.762983369043975,2.802163044587287,2.8446076930925415,2.8903173145597387,2.9392919089888787,2.9915314763799614,3.0470360167329864,3.105805530047954,3.167840016324865,3.2331394755637177,3.301703907764514,3.3735333129272522,3.4486276910519336,3.5269870421385576,3.608611366187124,3.693500663197633,3.781654933170085,3.8730741761044793,3.9677583920008157,4.065707580859096,4.166921742679318,4.271400877461484,4.379144985205592,4.490154065911642,4.604428119579635,4.72196714620957,4.842771145801448,4.96684011835527,5.0941740638710336,5.224772982348741,5.358636873788388,5.495765738189981,5.636159575553515,5.7798183858789915,5.9267421691664115,6.076930925415774,6.230384654627079,6.387103356800326,6.547087031935517],[6.419753086419753,6.259769411284562,6.103050709111315,5.949596979900011,5.799408223650648,5.652484440363228,5.508825630037752,5.368431792674217,5.231302928272624,5.097439036832977,4.96684011835527,4.839506172839506,4.715437200285685,4.594633200693806,4.477094174063871,4.362820120395878,4.251811039689828,4.14406693194572,4.039587797163555,3.938373635343332,3.840424446485052,3.7457402305887157,3.6543209876543212,3.5661667176818694,3.4812774206713604,3.399653096622794,3.32129374553617,3.2461993674114886,3.1743699622487505,3.105805530047954,3.0405060708091014,2.9784715845321905,2.919702071217223,2.864197530864198,2.811957963473115,2.762983369043975,2.717273747576778,2.6748290990715233,2.6356494235282115,2.5997347209468424,2.5670849913274156,2.5377002346699316,2.5115804509743906,2.488725640240792,2.469135802469136,2.4528109376594225,2.439751045811652,2.429956126925824,2.423426181001939,2.420161208039996,2.420161208039996,2.423426181001939,2.429956126925824,2.439751045811652,2.4528109376594225,2.469135802469136,2.488725640240792,2.5115804509743906,2.5377002346699316,2.5670849913274156,2.5997347209468424,2.6356494235282115,2.6748290990715233,2.717273747576778,2.762983369043975,2.811957963473115,2.864197530864198,2.919702071217223,2.9784715845321905,3.0405060708091014,3.105805530047954,3.1743699622487505,3.2461993674114886,3.32129374553617,3.399653096622794,3.4812774206713604,3.5661667176818694,3.6543209876543212,3.7457402305887157,3.840424446485052,3.938373635343332,4.039587797163555,4.14406693194572,4.251811039689828,4.362820120395878,4.477094174063871,4.594633200693806,4.715437200285685,4.839506172839506,4.96684011835527,5.097439036832977,5.231302928272624,5.368431792674217,5.508825630037752,5.652484440363228,5.799408223650648,5.949596979900011,6.103050709111315,6.259769411284562,6.419753086419753],[6.295684113865931,6.1357004387307414,5.978981736557493,5.82552800734619,5.675339251096827,5.528415467809407,5.38475665748393,5.244362820120395,5.107233955718804,4.973370064279155,4.842771145801448,4.715437200285685,4.591368227731864,4.4705642281399856,4.35302520151005,4.238751147842057,4.1277420671360066,4.019997959391898,3.9155188246097334,3.814304662789511,3.7163554739312312,3.6216712580348944,3.5302520151005,3.4420977451280477,3.3572084481175386,3.2755841240689723,3.1972247729823486,3.1221303948576673,3.050300989694929,2.9817365574941332,2.9164370982552796,2.8544026119783696,2.7956330986634015,2.740128558310376,2.687888990919294,2.638914396490154,2.5932047750229565,2.550760126517702,2.51158045097439,2.475665748393021,2.4430160187735943,2.4136312621161102,2.3875114784205693,2.3646566676869707,2.3450668299153143,2.328741965105601,2.3156820732578307,2.3058871543720025,2.2993572084481175,2.296092235486175,2.296092235486175,2.2993572084481175,2.3058871543720025,2.3156820732578307,2.328741965105601,2.3450668299153143,2.3646566676869707,2.3875114784205693,2.4136312621161102,2.4430160187735943,2.475665748393021,2.51158045097439,2.550760126517702,2.5932047750229565,2.638914396490154,2.687888990919294,2.740128558310376,2.7956330986634015,2.8544026119783696,2.9164370982552796,2.9817365574941332,3.050300989694929,3.1221303948576673,3.1972247729823486,3.2755841240689723,3.3572084481175386,3.4420977451280477,3.5302520151005,3.6216712580348944,3.7163554739312312,3.814304662789511,3.9155188246097334,4.019997959391898,4.1277420671360066,4.238751147842057,4.35302520151005,4.4705642281399856,4.591368227731864,4.715437200285685,4.842771145801448,4.973370064279155,5.107233955718804,5.244362820120395,5.38475665748393,5.528415467809407,5.675339251096827,5.82552800734619,5.978981736557493,6.1357004387307414,6.295684113865931],[6.174880114274053,6.014896439138863,5.858177736965615,5.7047240077543115,5.554535251504949,5.407611468217529,5.263952657892052,5.123558820528517,4.986429956126925,4.852566064687277,4.72196714620957,4.594633200693806,4.4705642281399856,4.349760228548107,4.232221201918172,4.117947148250179,4.006938067544128,3.8991939598000203,3.7947148250178553,3.693500663197633,3.595551474339353,3.5008672584430163,3.4094480155086218,3.3212937455361695,3.2364044485256604,3.154780124477094,3.0764207733904705,3.001326395265789,2.929496990103051,2.860932557902255,2.7956330986634015,2.7335986123864915,2.6748290990715233,2.619324558718498,2.5670849913274156,2.5181103968982756,2.4724007754310784,2.429956126925824,2.390776451382512,2.354861748801143,2.322212019181716,2.292827262524232,2.266707478828691,2.2438526680950925,2.224262830323436,2.207937965513723,2.1948780736659526,2.1850831547801244,2.1785532088562394,2.1752882358942967,2.1752882358942967,2.1785532088562394,2.1850831547801244,2.1948780736659526,2.207937965513723,2.224262830323436,2.2438526680950925,2.266707478828691,2.292827262524232,2.322212019181716,2.354861748801143,2.390776451382512,2.429956126925824,2.4724007754310784,2.5181103968982756,2.5670849913274156,2.619324558718498,2.6748290990715233,2.7335986123864915,2.7956330986634015,2.860932557902255,2.929496990103051,3.001326395265789,3.0764207733904705,3.154780124477094,3.2364044485256604,3.3212937455361695,3.4094480155086218,3.5008672584430163,3.595551474339353,3.693500663197633,3.7947148250178553,3.8991939598000203,4.006938067544128,4.117947148250179,4.232221201918172,4.349760228548107,4.4705642281399856,4.594633200693806,4.72196714620957,4.852566064687277,4.986429956126925,5.123558820528517,5.263952657892052,5.407611468217529,5.554535251504949,5.7047240077543115,5.858177736965615,6.014896439138863,6.174880114274053],[6.057341087644118,5.897357412508928,5.74063871033568,5.587184981124375,5.436996224875013,5.2900724415875935,5.146413631262115,5.006019793898581,4.86889092949699,4.735027038057341,4.604428119579635,4.477094174063871,4.35302520151005,4.232221201918172,4.114682175288236,4.000408121620243,3.8893990409141925,3.781654933170085,3.6771757983879194,3.5759616365676967,3.4780124477094168,3.3833282318130804,3.291908988878686,3.203754718906234,3.118865421895725,3.0372410978471587,2.9588817467605346,2.8837873686358533,2.811957963473115,2.7433935312723188,2.678094072033466,2.616059585756555,2.5572900724415875,2.5017855320885625,2.4495459646974798,2.4005713702683398,2.3548617488011425,2.312417100295888,2.273237424752576,2.237322722171207,2.2046729925517803,2.175288235894296,2.1491684521987553,2.1263136414651567,2.1067238036935008,2.090398938883787,2.0773390470360167,2.0675441281501885,2.0610141822263035,2.057749209264361,2.057749209264361,2.0610141822263035,2.0675441281501885,2.0773390470360167,2.090398938883787,2.1067238036935008,2.1263136414651567,2.1491684521987553,2.175288235894296,2.2046729925517803,2.237322722171207,2.273237424752576,2.312417100295888,2.3548617488011425,2.4005713702683398,2.4495459646974798,2.5017855320885625,2.5572900724415875,2.616059585756555,2.678094072033466,2.7433935312723188,2.811957963473115,2.8837873686358533,2.9588817467605346,3.0372410978471587,3.118865421895725,3.203754718906234,3.291908988878686,3.3833282318130804,3.4780124477094168,3.5759616365676967,3.6771757983879194,3.781654933170085,3.8893990409141925,4.000408121620243,4.114682175288236,4.232221201918172,4.35302520151005,4.477094174063871,4.604428119579635,4.735027038057341,4.86889092949699,5.006019793898581,5.146413631262115,5.2900724415875935,5.436996224875013,5.587184981124375,5.74063871033568,5.897357412508928,6.057341087644118],[5.943067033976125,5.783083358840935,5.626364656667687,5.4729109274563825,5.322722171207021,5.175798387919601,5.032139577594123,4.891745740230588,4.754616875828997,4.620752984389348,4.490154065911642,4.362820120395878,4.238751147842057,4.117947148250179,4.000408121620243,3.8861340679522502,3.7751249872462,3.667380879502092,3.5629017447199267,3.461687582899704,3.363738394041424,3.2